url_path,views_total,views_unique
/abhinav12k/Drunkyard/blob/master/app/src/main/java/com/abhinav12k/drunkyard/data/remote/dto/DrinksDto.kt,5,2
/abhinav12k/Drunkyard/tree/master/app,4,2
/abhinav12k/Drunkyard/tree/master/app/src,4,2
/abhinav12k/Drunkyard/tree/master/app/src/main,4,2
/abhinav12k/Drunkyard/tree/master/app/src/main/java/com/abhinav12k/drunkyard,4,2
/abhinav12k/Drunkyard/tree/master/app/src/main/java/com/abhinav12k/drunkyard/data/remote,4,2
/abhinav12k/Drunkyard/blob/master/app/src/main/java/com/abhinav12k/drunkyard/data/local/dao/DrinkCardDao.kt,4,1
/abhinav12k/Drunkyard/blob/master/app/src/main/java/com/abhinav12k/drunkyard/data/remote/CocktailApi.kt,4,1
/abhinav12k/Drunkyard/tree/master/app/src/main/java/com/abhinav12k/drunkyard/data/repository,3,1
/abhinav12k/Drunkyard,2,2
